--- p=3 ---
M(1, 0), (0 : 1), [2], (1 : 1), [2]
M(1, 2), (0 : 1), [1,1], (1 : 1), [1]
M(2, 0), (1 : 0), [3], (1 : 1), [3]
M(2, 1), (1 : 1), [1,1], (2 : 1), [1]
--- p=5 ---
M(1, 2), (1 : 0), [2], (1 : 1), [1]
M(1, 3), (2 : 1), [2,8], (4 : 1), [2,8]
M(2, 1), (1 : 1), [2], (4 : 1), [1]
M(2, 3), (1 : 0), [3], (2 : 1), [1]
M(3, 0), (1 : 0), [3], (3 : 1), [3]
M(3, 1), (2 : 1), [1,4], (3 : 1), [1,4]
M(3, 2), (1 : 1), [1,1], (3 : 1), [1,1]
M(3, 3), (3 : 1), [1,2], (4 : 1), [1,2]
M(4, 0), (0 : 1), [2], (3 : 1), [2]
M(4, 2), (0 : 1), [3], (3 : 1), [3]
M(4, 3), (0 : 1), [3], (3 : 1), [1]
M(4, 4), (0 : 1), [1,4], (3 : 1), [1,4]
--- p=7 ---
M(1, 0), (1 : 0), [3], (5 : 1), [3]
M(1, 1), (2 : 1), [2,4], (5 : 1), [1,6]
M(1, 2), (1 : 1), [1], (5 : 1), [1,1]
M(1, 3), (3 : 1), [4], (5 : 1), [4]
M(1, 4), (4 : 1), [1], (5 : 1), [2,4]
M(1, 5), (5 : 1), [4], (6 : 1), [4]
M(2, 1), (1 : 1), [1,1], (6 : 1), [1]
M(2, 3), (1 : 0), [1,2], (3 : 1), [1,2]
M(3, 4), (1 : 0), [4], (1 : 1), [4]
M(3, 5), (2 : 1), [3], (4 : 1), [3]
M(3, 6), (3 : 1), [2], (6 : 1), [3]
M(4, 0), (0 : 1), [2], (5 : 1), [2]
M(4, 2), (0 : 1), [1,2], (5 : 1), [1,2]
M(4, 3), (0 : 1), [4], (5 : 1), [4]
M(4, 4), (0 : 1), [1,6], (5 : 1), [1]
M(4, 5), (0 : 1), [3,18], (5 : 1), [3,18]
M(4, 6), (0 : 1), [1,6], (5 : 1), [2,4]
M(5, 2), (1 : 0), [3], (4 : 1), [2]
M(5, 4), (1 : 1), [1,6], (3 : 1), [1,6]
M(5, 6), (2 : 1), [4], (6 : 1), [4]
M(6, 2), (4 : 1), [2,6], (6 : 1), [2,6]
M(6, 5), (1 : 0), [2], (2 : 1), [2]
